0 3
1 3
2 3
3 3
4 3
5 3
6 3
7 3
8 3
0 4
1 4
69 4
2 4
114 4
3 4
115 4
4 4
5 4
300 4
6 4
301 4
370 4
7 4
302 4
8 4
30 4
9 4
31 4
526 4
10 4
1069 4
32 4
11 4
1094 4
33 4
533 4
12 4
435 4
1107 4
34 4
13 4
448 4
436 4
1135 4
35 4
535 4
14 4
36 4
722 4
15 4
52 4
37 4
16 4
53 4
38 4
747 4
17 4
54 4
1142 4
39 4
550 4
787 4
18 4
1371 4
55 4
1143 4
40 4
810 4
788 4
19 4
1392 4
56 4
1177 4
41 4
873 4
20 4
1402 4
57 4
42 4
21 4
1420 4
1403 4
1444 4
58 4
1213 4
43 4
884 4
22 4
59 4
44 4
938 4
23 4
1449 4
60 4
45 4
947 4
24 4
61 4
1261 4
46 4
25 4
1463 4
62 4
1282 4
47 4
26 4
1471 4
63 4
1263 4
1283 4
48 4
998 4
27 4
64 4
1324 4
49 4
28 4
1481 4
65 4
1334 4
1348 4
50 4
29 4
66 4
51 4
67 4
1354 4
1491 4
68 4
1517 4
1492 4
1583 4
1541 4
1545 4
1553 4
1561 4
0 2
1 2
69 2
2 2
70 2
114 2
3 2
71 2
115 2
4 2
72 2
129 2
116 2
5 2
100 2
73 2
133 2
130 2
117 2
300 2
6 2
108 2
101 2
92 2
74 2
144 2
134 2
131 2
118 2
301 2
370 2
7 2
109 2
103 2
102 2
93 2
76 2
75 2
145 2
135 2
132 2
125 2
119 2
354 2
302 2
400 2
371 2
8 2
110 2
104 2
94 2
78 2
77 2
146 2
136 2
126 2
122 2
120 2
355 2
304 2
303 2
401 2
372 2
30 2
9 2
111 2
105 2
97 2
95 2
80 2
79 2
147 2
142 2
137 2
127 2
123 2
121 2
356 2
307 2
305 2
413 2
402 2
377 2
373 2
31 2
526 2
10 2
112 2
106 2
98 2
96 2
89 2
81 2
232 2
148 2
143 2
138 2
128 2
124 2
365 2
357 2
308 2
306 2
428 2
414 2
403 2
383 2
378 2
374 2
1069 2
32 2
527 2
11 2
113 2
107 2
99 2
90 2
83 2
82 2
233 2
149 2
140 2
139 2
368 2
366 2
364 2
358 2
338 2
309 2
433 2
429 2
415 2
404 2
391 2
384 2
380 2
379 2
376 2
375 2
1070 2
1094 2
33 2
530 2
528 2
533 2
12 2
91 2
84 2
234 2
150 2
141 2
369 2
367 2
359 2
339 2
310 2
435 2
434 2
431 2
430 2
416 2
411 2
405 2
392 2
387 2
385 2
382 2
381 2
1075 2
1071 2
1095 2
1107 2
34 2
532 2
531 2
529 2
534 2
13 2
86 2
85 2
235 2
217 2
151 2
361 2
360 2
343 2
340 2
319 2
311 2
448 2
436 2
432 2
427 2
417 2
412 2
406 2
395 2
393 2
388 2
386 2
1076 2
1072 2
1099 2
1096 2
1108 2
1135 2
35 2
655 2
535 2
716 2
14 2
87 2
236 2
218 2
172 2
152 2
363 2
362 2
344 2
341 2
320 2
312 2
453 2
449 2
437 2
426 2
418 2
409 2
407 2
396 2
394 2
390 2
389 2
1079 2
1077 2
1074 2
1073 2
1103 2
1100 2
1097 2
1128 2
1109 2
1136 2
36 2
656 2
542 2
536 2
717 2
722 2
15 2
88 2
237 2
220 2
219 2
179 2
173 2
154 2
153 2
350 2
345 2
342 2
329 2
321 2
313 2
454 2
450 2
439 2
438 2
423 2
419 2
410 2
408 2
399 2
397 2
1080 2
1078 2
1106 2
1104 2
1102 2
1101 2
1098 2
1133 2
1129 2
1112 2
1110 2
1137 2
52 2
37 2
657 2
543 2
537 2
718 2
723 2
16 2
238 2
225 2
221 2
180 2
174 2
155 2
352 2
351 2
346 2
331 2
330 2
323 2
322 2
316 2
314 2
455 2
452 2
451 2
441 2
440 2
425 2
424 2
421 2
420 2
398 2
1087 2
1081 2
1105 2
1134 2
1130 2
1113 2
1111 2
1140 2
1138 2
53 2
38 2
662 2
658 2
544 2
538 2
719 2
724 2
747 2
17 2
242 2
239 2
231 2
226 2
223 2
222 2
203 2
181 2
175 2
171 2
156 2
353 2
347 2
333 2
332 2
327 2
324 2
317 2
315 2
459 2
456 2
444 2
442 2
422 2
1088 2
1082 2
1131 2
1116 2
1114 2
1141 2
1139 2
54 2
1142 2
39 2
668 2
663 2
659 2
550 2
545 2
539 2
720 2
738 2
725 2
757 2
748 2
787 2
18 2
251 2
243 2
240 2
229 2
227 2
224 2
204 2
196 2
182 2
176 2
163 2
157 2
349 2
348 2
335 2
334 2
328 2
325 2
318 2
460 2
457 2
445 2
443 2
1090 2
1089 2
1085 2
1083 2
1132 2
1124 2
1117 2
1115 2
1371 2
55 2
1153 2
1143 2
40 2
670 2
669 2
664 2
660 2
640 2
551 2
546 2
540 2
721 2
744 2
739 2
727 2
726 2
758 2
749 2
810 2
788 2
19 2
274 2
252 2
244 2
241 2
230 2
228 2
215 2
205 2
199 2
197 2
189 2
183 2
178 2
177 2
164 2
159 2
158 2
337 2
336 2
326 2
490 2
461 2
458 2
447 2
446 2
1092 2
1091 2
1086 2
1084 2
1125 2
1118 2
1372 2
1392 2
56 2
1154 2
1144 2
1177 2
41 2
679 2
671 2
667 2
665 2
661 2
641 2
588 2
552 2
548 2
547 2
541 2
745 2
743 2
740 2
728 2
778 2
759 2
750 2
811 2
789 2
873 2
20 2
275 2
263 2
253 2
245 2
216 2
206 2
200 2
198 2
191 2
190 2
184 2
166 2
165 2
160 2
491 2
479 2
462 2
1093 2
1126 2
1121 2
1119 2
1375 2
1373 2
1397 2
1393 2
1402 2
57 2
1161 2
1155 2
1147 2
1145 2
1189 2
1178 2
42 2
680 2
672 2
666 2
642 2
589 2
553 2
549 2
746 2
742 2
741 2
737 2
729 2
781 2
779 2
776 2
760 2
752 2
751 2
816 2
812 2
790 2
874 2
21 2
287 2
276 2
264 2
254 2
247 2
246 2
207 2
201 2
193 2
192 2
187 2
185 2
167 2
162 2
161 2
495 2
492 2
486 2
480 2
463 2
1127 2
1123 2
1122 2
1120 2
1376 2
1374 2
1398 2
1394 2
1420 2
1403 2
1444 2
58 2
1165 2
1162 2
1157 2
1156 2
1151 2
1148 2
1146 2
1202 2
1190 2
1181 2
1179 2
1213 2
43 2
681 2
675 2
673 2
651 2
643 2
616 2
590 2
572 2
554 2
730 2
782 2
780 2
777 2
761 2
754 2
753 2
854 2
817 2
813 2
808 2
791 2
877 2
875 2
884 2
22 2
288 2
281 2
277 2
270 2
265 2
259 2
255 2
249 2
248 2
212 2
208 2
202 2
195 2
194 2
188 2
186 2
169 2
168 2
496 2
494 2
493 2
487 2
481 2
464 2
1385 2
1377 2
1399 2
1395 2
1428 2
1421 2
1408 2
1404 2
1445 2
59 2
1171 2
1166 2
1163 2
1159 2
1158 2
1152 2
1149 2
1208 2
1203 2
1193 2
1191 2
1184 2
1182 2
1180 2
1240 2
1214 2
44 2
682 2
676 2
674 2
652 2
644 2
617 2
591 2
573 2
559 2
555 2
735 2
731 2
784 2
783 2
762 2
756 2
755 2
855 2
818 2
815 2
814 2
809 2
792 2
878 2
876 2
885 2
938 2
23 2
292 2
289 2
282 2
279 2
278 2
271 2
267 2
266 2
260 2
256 2
250 2
213 2
209 2
170 2
510 2
497 2
489 2
488 2
483 2
482 2
470 2
465 2
1389 2
1386 2
1378 2
1401 2
1400 2
1396 2
1429 2
1422 2
1409 2
1405 2
1446 2
1449 2
60 2
1172 2
1168 2
1167 2
1164 2
1160 2
1150 2
1212 2
1209 2
1205 2
1204 2
1198 2
1194 2
1192 2
1185 2
1183 2
1241 2
1230 2
1215 2
45 2
696 2
683 2
678 2
677 2
654 2
653 2
646 2
645 2
619 2
618 2
597 2
592 2
575 2
574 2
560 2
556 2
736 2
732 2
785 2
763 2
859 2
856 2
852 2
819 2
794 2
793 2
881 2
879 2
888 2
886 2
942 2
939 2
947 2
24 2
293 2
290 2
283 2
280 2
273 2
272 2
268 2
262 2
261 2
257 2
214 2
211 2
210 2
515 2
511 2
498 2
484 2
471 2
466 2
1390 2
1387 2
1382 2
1379 2
1431 2
1430 2
1426 2
1423 2
1417 2
1410 2
1406 2
1447 2
1460 2
1450 2
61 2
1174 2
1173 2
1170 2
1169 2
1211 2
1210 2
1207 2
1206 2
1199 2
1195 2
1186 2
1259 2
1242 2
1231 2
1221 2
1216 2
1261 2
46 2
698 2
697 2
684 2
647 2
620 2
598 2
593 2
577 2
576 2
564 2
561 2
558 2
557 2
734 2
733 2
786 2
766 2
764 2
860 2
858 2
857 2
853 2
820 2
797 2
795 2
882 2
880 2
889 2
887 2
943 2
940 2
948 2
25 2
294 2
291 2
285 2
284 2
269 2
258 2
519 2
516 2
513 2
512 2
499 2
485 2
473 2
472 2
467 2
1391 2
1388 2
1383 2
1380 2
1432 2
1427 2
1424 2
1419 2
1418 2
1414 2
1411 2
1407 2
1448 2
1461 2
1455 2
1451 2
1463 2
62 2
1176 2
1175 2
1201 2
1200 2
1197 2
1196 2
1188 2
1187 2
1260 2
1248 2
1243 2
1238 2
1232 2
1224 2
1222 2
1218 2
1217 2
1262 2
1282 2
47 2
699 2
687 2
685 2
649 2
648 2
621 2
605 2
599 2
594 2
578 2
565 2
562 2
767 2
765 2
865 2
861 2
848 2
821 2
803 2
798 2
796 2
883 2
901 2
890 2
944 2
941 2
964 2
949 2
990 2
26 2
298 2
295 2
286 2
520 2
517 2
514 2
505 2
500 2
474 2
469 2
468 2
1384 2
1381 2
1436 2
1433 2
1425 2
1416 2
1415 2
1413 2
1412 2
1462 2
1456 2
1452 2
1467 2
1464 2
1471 2
63 2
1249 2
1244 2
1239 2
1236 2
1233 2
1225 2
1223 2
1220 2
1219 2
1269 2
1263 2
1317 2
1283 2
48 2
701 2
700 2
688 2
686 2
650 2
629 2
622 2
615 2
606 2
600 2
595 2
582 2
579 2
567 2
566 2
563 2
772 2
768 2
866 2
862 2
850 2
849 2
824 2
822 2
805 2
804 2
799 2
927 2
902 2
891 2
945 2
965 2
950 2
992 2
991 2
998 2
27 2
299 2
297 2
296 2
521 2
518 2
507 2
506 2
501 2
475 2
1438 2
1437 2
1435 2
1434 2
1457 2
1453 2
1470 2
1468 2
1465 2
1472 2
64 2
1255 2
1250 2
1247 2
1245 2
1237 2
1234 2
1228 2
1226 2
1279 2
1270 2
1266 2
1264 2
1321 2
1318 2
1288 2
1284 2
1324 2
49 2
714 2
702 2
689 2
630 2
625 2
623 2
608 2
607 2
601 2
596 2
583 2
581 2
580 2
569 2
568 2
773 2
769 2
870 2
867 2
863 2
851 2
833 2
825 2
823 2
807 2
806 2
801 2
800 2
928 2
903 2
892 2
946 2
966 2
951 2
995 2
993 2
999 2
1001 2
28 2
522 2
508 2
502 2
476 2
1439 2
1458 2
1454 2
1469 2
1466 2
1475 2
1473 2
1481 2
65 2
1256 2
1251 2
1246 2
1235 2
1229 2
1227 2
1280 2
1271 2
1267 2
1265 2
1322 2
1319 2
1292 2
1289 2
1285 2
1334 2
1325 2
1348 2
50 2
715 2
703 2
690 2
632 2
631 2
626 2
624 2
609 2
602 2
586 2
584 2
571 2
570 2
775 2
774 2
771 2
770 2
872 2
871 2
869 2
868 2
864 2
836 2
834 2
826 2
802 2
930 2
929 2
923 2
904 2
897 2
893 2
971 2
967 2
952 2
997 2
996 2
994 2
1000 2
1002 2
1003 2
29 2
523 2
509 2
503 2
478 2
477 2
1442 2
1440 2
1459 2
1480 2
1476 2
1474 2
1482 2
66 2
1257 2
1253 2
1252 2
1281 2
1277 2
1272 2
1268 2
1323 2
1320 2
1303 2
1293 2
1290 2
1286 2
1340 2
1335 2
1326 2
1349 2
1352 2
51 2
709 2
704 2
691 2
635 2
633 2
627 2
613 2
610 2
604 2
603 2
587 2
585 2
844 2
837 2
835 2
831 2
827 2
931 2
924 2
918 2
905 2
898 2
894 2
972 2
968 2
953 2
1047 2
1004 2
525 2
524 2
504 2
1443 2
1441 2
1479 2
1477 2
1483 2
1485 2
67 2
1258 2
1254 2
1278 2
1273 2
1307 2
1304 2
1296 2
1294 2
1291 2
1287 2
1343 2
1341 2
1336 2
1327 2
1351 2
1350 2
1353 2
1361 2
1354 2
710 2
705 2
693 2
692 2
639 2
636 2
634 2
628 2
614 2
611 2
845 2
838 2
832 2
828 2
934 2
932 2
925 2
919 2
906 2
899 2
896 2
895 2
973 2
969 2
954 2
1062 2
1048 2
1007 2
1005 2
1478 2
1484 2
1486 2
1491 2
68 2
1274 2
1312 2
1308 2
1305 2
1301 2
1297 2
1295 2
1347 2
1344 2
1342 2
1338 2
1337 2
1332 2
1328 2
1362 2
1355 2
712 2
711 2
706 2
694 2
638 2
637 2
612 2
846 2
839 2
830 2
829 2
935 2
933 2
926 2
921 2
920 2
907 2
900 2
974 2
970 2
963 2
955 2
1066 2
1063 2
1049 2
1034 2
1008 2
1006 2
1490 2
1487 2
1517 2
1492 2
1583 2
1541 2
1276 2
1275 2
1313 2
1309 2
1306 2
1302 2
1298 2
1346 2
1345 2
1339 2
1333 2
1331 2
1329 2
1363 2
1358 2
1356 2
713 2
708 2
707 2
695 2
847 2
841 2
840 2
937 2
936 2
922 2
914 2
908 2
987 2
975 2
956 2
1068 2
1067 2
1064 2
1058 2
1050 2
1035 2
1009 2
1489 2
1488 2
1521 2
1518 2
1496 2
1493 2
1584 2
1545 2
1542 2
1316 2
1314 2
1311 2
1310 2
1300 2
1299 2
1330 2
1367 2
1364 2
1359 2
1357 2
842 2
916 2
915 2
909 2
988 2
983 2
976 2
957 2
1065 2
1060 2
1059 2
1051 2
1036 2
1010 2
1529 2
1522 2
1519 2
1501 2
1497 2
1494 2
1590 2
1585 2
1553 2
1546 2
1543 2
1315 2
1368 2
1365 2
1360 2
843 2
917 2
912 2
910 2
989 2
984 2
981 2
977 2
960 2
958 2
1061 2
1054 2
1052 2
1037 2
1011 2
1534 2
1530 2
1523 2
1520 2
1507 2
1502 2
1498 2
1495 2
1591 2
1586 2
1561 2
1554 2
1547 2
1544 2
1370 2
1369 2
1366 2
913 2
911 2
985 2
982 2
979 2
978 2
961 2
959 2
1055 2
1053 2
1038 2
1029 2
1012 2
1535 2
1531 2
1528 2
1524 2
1515 2
1508 2
1505 2
1503 2
1500 2
1499 2
1596 2
1592 2
1588 2
1587 2
1565 2
1562 2
1555 2
1551 2
1548 2
986 2
980 2
962 2
1057 2
1056 2
1039 2
1030 2
1013 2
1536 2
1532 2
1525 2
1516 2
1512 2
1509 2
1506 2
1504 2
1597 2
1593 2
1589 2
1574 2
1566 2
1563 2
1556 2
1552 2
1549 2
1040 2
1031 2
1014 2
1540 2
1537 2
1533 2
1527 2
1526 2
1513 2
1510 2
1598 2
1594 2
1577 2
1575 2
1570 2
1567 2
1564 2
1557 2
1550 2
1042 2
1041 2
1032 2
1017 2
1015 2
1538 2
1514 2
1511 2
1595 2
1582 2
1578 2
1576 2
1571 2
1568 2
1560 2
1558 2
1044 2
1043 2
1033 2
1019 2
1018 2
1016 2
1539 2
1579 2
1573 2
1572 2
1569 2
1559 2
1045 2
1021 2
1020 2
1581 2
1580 2
1046 2
1022 2
1027 2
1023 2
1028 2
1025 2
1024 2
1026 2
0 85
1 85
2 85
3 85
4 85
5 85
6 85
7 85
8 85
0 87
1 87
69 87
2 87
114 87
3 87
115 87
4 87
5 87
300 87
6 87
301 87
370 87
7 87
302 87
8 87
30 87
9 87
31 87
526 87
10 87
1069 87
32 87
11 87
1094 87
33 87
533 87
12 87
435 87
1107 87
34 87
13 87
448 87
436 87
1135 87
35 87
535 87
14 87
36 87
722 87
15 87
52 87
37 87
16 87
53 87
38 87
747 87
17 87
54 87
1142 87
39 87
550 87
787 87
18 87
1371 87
55 87
1143 87
40 87
810 87
788 87
19 87
1392 87
56 87
1177 87
41 87
873 87
20 87
1402 87
57 87
42 87
21 87
1420 87
1403 87
1444 87
58 87
1213 87
43 87
884 87
22 87
59 87
44 87
938 87
23 87
1449 87
60 87
45 87
947 87
24 87
61 87
1261 87
46 87
25 87
1463 87
62 87
1282 87
47 87
26 87
1471 87
63 87
1263 87
1283 87
48 87
998 87
27 87
64 87
1324 87
49 87
28 87
1481 87
65 87
1334 87
1348 87
50 87
29 87
66 87
51 87
67 87
1354 87
1491 87
68 87
1517 87
1492 87
1583 87
1541 87
1545 87
1553 87
1561 87
69 77
32 77
1402 77
46 77
69 86
70 86
114 86
71 86
115 86
72 86
129 86
116 86
100 86
73 86
133 86
130 86
117 86
300 86
108 86
101 86
92 86
74 86
144 86
134 86
131 86
118 86
301 86
370 86
109 86
103 86
102 86
93 86
76 86
75 86
145 86
135 86
132 86
125 86
119 86
354 86
302 86
400 86
371 86
110 86
104 86
94 86
78 86
77 86
146 86
136 86
126 86
122 86
120 86
355 86
304 86
303 86
401 86
372 86
30 86
9 86
111 86
105 86
97 86
95 86
80 86
79 86
147 86
142 86
137 86
127 86
123 86
121 86
356 86
307 86
305 86
413 86
402 86
377 86
373 86
31 86
526 86
10 86
112 86
106 86
98 86
96 86
89 86
81 86
232 86
148 86
143 86
138 86
128 86
124 86
365 86
357 86
308 86
306 86
428 86
414 86
403 86
383 86
378 86
374 86
1069 86
32 86
527 86
11 86
113 86
107 86
99 86
90 86
83 86
82 86
233 86
149 86
140 86
139 86
368 86
366 86
364 86
358 86
338 86
309 86
433 86
429 86
415 86
404 86
391 86
384 86
380 86
379 86
376 86
375 86
1070 86
1094 86
33 86
530 86
528 86
533 86
12 86
91 86
84 86
234 86
150 86
141 86
369 86
367 86
359 86
339 86
310 86
435 86
434 86
431 86
430 86
416 86
411 86
405 86
392 86
387 86
385 86
382 86
381 86
1075 86
1071 86
1095 86
1107 86
34 86
532 86
531 86
529 86
534 86
13 86
86 86
85 86
235 86
217 86
151 86
361 86
360 86
343 86
340 86
319 86
311 86
448 86
436 86
432 86
427 86
417 86
412 86
406 86
395 86
393 86
388 86
386 86
1076 86
1072 86
1099 86
1096 86
1108 86
1135 86
35 86
655 86
535 86
716 86
14 86
87 86
236 86
218 86
172 86
152 86
363 86
362 86
344 86
341 86
320 86
312 86
453 86
449 86
437 86
426 86
418 86
409 86
407 86
396 86
394 86
390 86
389 86
1079 86
1077 86
1074 86
1073 86
1103 86
1100 86
1097 86
1128 86
1109 86
1136 86
36 86
656 86
542 86
536 86
717 86
722 86
15 86
88 86
237 86
220 86
219 86
179 86
173 86
154 86
153 86
350 86
345 86
342 86
329 86
321 86
313 86
454 86
450 86
439 86
438 86
423 86
419 86
410 86
408 86
399 86
397 86
1080 86
1078 86
1106 86
1104 86
1102 86
1101 86
1098 86
1133 86
1129 86
1112 86
1110 86
1137 86
52 86
37 86
657 86
543 86
537 86
718 86
723 86
16 86
238 86
225 86
221 86
180 86
174 86
155 86
352 86
351 86
346 86
331 86
330 86
323 86
322 86
316 86
314 86
455 86
452 86
451 86
441 86
440 86
425 86
424 86
421 86
420 86
398 86
1087 86
1081 86
1105 86
1134 86
1130 86
1113 86
1111 86
1140 86
1138 86
53 86
38 86
662 86
658 86
544 86
538 86
719 86
724 86
747 86
17 86
242 86
239 86
231 86
226 86
223 86
222 86
203 86
181 86
175 86
171 86
156 86
353 86
347 86
333 86
332 86
327 86
324 86
317 86
315 86
459 86
456 86
444 86
442 86
422 86
1088 86
1082 86
1131 86
1116 86
1114 86
1141 86
1139 86
54 86
1142 86
39 86
668 86
663 86
659 86
550 86
545 86
539 86
720 86
738 86
725 86
757 86
748 86
787 86
18 86
251 86
243 86
240 86
229 86
227 86
224 86
204 86
196 86
182 86
176 86
163 86
157 86
349 86
348 86
335 86
334 86
328 86
325 86
318 86
460 86
457 86
445 86
443 86
1090 86
1089 86
1085 86
1083 86
1132 86
1124 86
1117 86
1115 86
1371 86
55 86
1153 86
1143 86
40 86
670 86
669 86
664 86
660 86
640 86
551 86
546 86
540 86
721 86
744 86
739 86
727 86
726 86
758 86
749 86
810 86
788 86
19 86
274 86
252 86
244 86
241 86
230 86
228 86
215 86
205 86
199 86
197 86
189 86
183 86
178 86
177 86
164 86
159 86
158 86
337 86
336 86
326 86
490 86
461 86
458 86
447 86
446 86
1092 86
1091 86
1086 86
1084 86
1125 86
1118 86
1372 86
1392 86
56 86
1154 86
1144 86
1177 86
41 86
679 86
671 86
667 86
665 86
661 86
641 86
588 86
552 86
548 86
547 86
541 86
745 86
743 86
740 86
728 86
778 86
759 86
750 86
811 86
789 86
873 86
20 86
275 86
263 86
253 86
245 86
216 86
206 86
200 86
198 86
191 86
190 86
184 86
166 86
165 86
160 86
491 86
479 86
462 86
1093 86
1126 86
1121 86
1119 86
1375 86
1373 86
1397 86
1393 86
1402 86
57 86
1161 86
1155 86
1147 86
1145 86
1189 86
1178 86
42 86
680 86
672 86
666 86
642 86
589 86
553 86
549 86
746 86
742 86
741 86
737 86
729 86
781 86
779 86
776 86
760 86
752 86
751 86
816 86
812 86
790 86
874 86
21 86
287 86
276 86
264 86
254 86
247 86
246 86
207 86
201 86
193 86
192 86
187 86
185 86
167 86
162 86
161 86
495 86
492 86
486 86
480 86
463 86
1127 86
1123 86
1122 86
1120 86
1376 86
1374 86
1398 86
1394 86
1420 86
1403 86
1444 86
58 86
1165 86
1162 86
1157 86
1156 86
1151 86
1148 86
1146 86
1202 86
1190 86
1181 86
1179 86
1213 86
43 86
681 86
675 86
673 86
651 86
643 86
616 86
590 86
572 86
554 86
730 86
782 86
780 86
777 86
761 86
754 86
753 86
854 86
817 86
813 86
808 86
791 86
877 86
875 86
884 86
22 86
288 86
281 86
277 86
270 86
265 86
259 86
255 86
249 86
248 86
212 86
208 86
202 86
195 86
194 86
188 86
186 86
169 86
168 86
496 86
494 86
493 86
487 86
481 86
464 86
1385 86
1377 86
1399 86
1395 86
1428 86
1421 86
1408 86
1404 86
1445 86
59 86
1171 86
1166 86
1163 86
1159 86
1158 86
1152 86
1149 86
1208 86
1203 86
1193 86
1191 86
1184 86
1182 86
1180 86
1240 86
1214 86
44 86
682 86
676 86
674 86
652 86
644 86
617 86
591 86
573 86
559 86
555 86
735 86
731 86
784 86
783 86
762 86
756 86
755 86
855 86
818 86
815 86
814 86
809 86
792 86
878 86
876 86
885 86
938 86
23 86
292 86
289 86
282 86
279 86
278 86
271 86
267 86
266 86
260 86
256 86
250 86
213 86
209 86
170 86
510 86
497 86
489 86
488 86
483 86
482 86
470 86
465 86
1389 86
1386 86
1378 86
1401 86
1400 86
1396 86
1429 86
1422 86
1409 86
1405 86
1446 86
1449 86
60 86
1172 86
1168 86
1167 86
1164 86
1160 86
1150 86
1212 86
1209 86
1205 86
1204 86
1198 86
1194 86
1192 86
1185 86
1183 86
1241 86
1230 86
1215 86
45 86
696 86
683 86
678 86
677 86
654 86
653 86
646 86
645 86
619 86
618 86
597 86
592 86
575 86
574 86
560 86
556 86
736 86
732 86
785 86
763 86
859 86
856 86
852 86
819 86
794 86
793 86
881 86
879 86
888 86
886 86
942 86
939 86
947 86
24 86
293 86
290 86
283 86
280 86
273 86
272 86
268 86
262 86
261 86
257 86
214 86
211 86
210 86
515 86
511 86
498 86
484 86
471 86
466 86
1390 86
1387 86
1382 86
1379 86
1431 86
1430 86
1426 86
1423 86
1417 86
1410 86
1406 86
1447 86
1460 86
1450 86
61 86
1174 86
1173 86
1170 86
1169 86
1211 86
1210 86
1207 86
1206 86
1199 86
1195 86
1186 86
1259 86
1242 86
1231 86
1221 86
1216 86
1261 86
46 86
698 86
697 86
684 86
647 86
620 86
598 86
593 86
577 86
576 86
564 86
561 86
558 86
557 86
734 86
733 86
786 86
766 86
764 86
860 86
858 86
857 86
853 86
820 86
797 86
795 86
882 86
880 86
889 86
887 86
943 86
940 86
948 86
25 86
294 86
291 86
285 86
284 86
269 86
258 86
519 86
516 86
513 86
512 86
499 86
485 86
473 86
472 86
467 86
1391 86
1388 86
1383 86
1380 86
1432 86
1427 86
1424 86
1419 86
1418 86
1414 86
1411 86
1407 86
1448 86
1461 86
1455 86
1451 86
1463 86
62 86
1176 86
1175 86
1201 86
1200 86
1197 86
1196 86
1188 86
1187 86
1260 86
1248 86
1243 86
1238 86
1232 86
1224 86
1222 86
1218 86
1217 86
1262 86
1282 86
47 86
699 86
687 86
685 86
649 86
648 86
621 86
605 86
599 86
594 86
578 86
565 86
562 86
767 86
765 86
865 86
861 86
848 86
821 86
803 86
798 86
796 86
883 86
901 86
890 86
944 86
941 86
964 86
949 86
990 86
26 86
298 86
295 86
286 86
520 86
517 86
514 86
505 86
500 86
474 86
469 86
468 86
1384 86
1381 86
1436 86
1433 86
1425 86
1416 86
1415 86
1413 86
1412 86
1462 86
1456 86
1452 86
1467 86
1464 86
1471 86
63 86
1249 86
1244 86
1239 86
1236 86
1233 86
1225 86
1223 86
1220 86
1219 86
1269 86
1263 86
1317 86
1283 86
48 86
701 86
700 86
688 86
686 86
650 86
629 86
622 86
615 86
606 86
600 86
595 86
582 86
579 86
567 86
566 86
563 86
772 86
768 86
866 86
862 86
850 86
849 86
824 86
822 86
805 86
804 86
799 86
927 86
902 86
891 86
945 86
965 86
950 86
992 86
991 86
998 86
27 86
299 86
297 86
296 86
521 86
518 86
507 86
506 86
501 86
475 86
1438 86
1437 86
1435 86
1434 86
1457 86
1453 86
1470 86
1468 86
1465 86
1472 86
64 86
1255 86
1250 86
1247 86
1245 86
1237 86
1234 86
1228 86
1226 86
1279 86
1270 86
1266 86
1264 86
1321 86
1318 86
1288 86
1284 86
1324 86
49 86
714 86
702 86
689 86
630 86
625 86
623 86
608 86
607 86
601 86
596 86
583 86
581 86
580 86
569 86
568 86
773 86
769 86
870 86
867 86
863 86
851 86
833 86
825 86
823 86
807 86
806 86
801 86
800 86
928 86
903 86
892 86
946 86
966 86
951 86
995 86
993 86
999 86
1001 86
28 86
522 86
508 86
502 86
476 86
1439 86
1458 86
1454 86
1469 86
1466 86
1475 86
1473 86
1481 86
65 86
1256 86
1251 86
1246 86
1235 86
1229 86
1227 86
1280 86
1271 86
1267 86
1265 86
1322 86
1319 86
1292 86
1289 86
1285 86
1334 86
1325 86
1348 86
50 86
715 86
703 86
690 86
632 86
631 86
626 86
624 86
609 86
602 86
586 86
584 86
571 86
570 86
775 86
774 86
771 86
770 86
872 86
871 86
869 86
868 86
864 86
836 86
834 86
826 86
802 86
930 86
929 86
923 86
904 86
897 86
893 86
971 86
967 86
952 86
997 86
996 86
994 86
1000 86
1002 86
1003 86
29 86
523 86
509 86
503 86
478 86
477 86
1442 86
1440 86
1459 86
1480 86
1476 86
1474 86
1482 86
66 86
1257 86
1253 86
1252 86
1281 86
1277 86
1272 86
1268 86
1323 86
1320 86
1303 86
1293 86
1290 86
1286 86
1340 86
1335 86
1326 86
1349 86
1352 86
51 86
709 86
704 86
691 86
635 86
633 86
627 86
613 86
610 86
604 86
603 86
587 86
585 86
844 86
837 86
835 86
831 86
827 86
931 86
924 86
918 86
905 86
898 86
894 86
972 86
968 86
953 86
1047 86
1004 86
525 86
524 86
504 86
1443 86
1441 86
1479 86
1477 86
1483 86
1485 86
67 86
1258 86
1254 86
1278 86
1273 86
1307 86
1304 86
1296 86
1294 86
1291 86
1287 86
1343 86
1341 86
1336 86
1327 86
1351 86
1350 86
1353 86
1361 86
1354 86
710 86
705 86
693 86
692 86
639 86
636 86
634 86
628 86
614 86
611 86
845 86
838 86
832 86
828 86
934 86
932 86
925 86
919 86
906 86
899 86
896 86
895 86
973 86
969 86
954 86
1062 86
1048 86
1007 86
1005 86
1478 86
1484 86
1486 86
1491 86
68 86
1274 86
1312 86
1308 86
1305 86
1301 86
1297 86
1295 86
1347 86
1344 86
1342 86
1338 86
1337 86
1332 86
1328 86
1362 86
1355 86
712 86
711 86
706 86
694 86
638 86
637 86
612 86
846 86
839 86
830 86
829 86
935 86
933 86
926 86
921 86
920 86
907 86
900 86
974 86
970 86
963 86
955 86
1066 86
1063 86
1049 86
1034 86
1008 86
1006 86
1490 86
1487 86
1517 86
1492 86
1583 86
1541 86
1276 86
1275 86
1313 86
1309 86
1306 86
1302 86
1298 86
1346 86
1345 86
1339 86
1333 86
1331 86
1329 86
1363 86
1358 86
1356 86
713 86
708 86
707 86
695 86
847 86
841 86
840 86
937 86
936 86
922 86
914 86
908 86
987 86
975 86
956 86
1068 86
1067 86
1064 86
1058 86
1050 86
1035 86
1009 86
1489 86
1488 86
1521 86
1518 86
1496 86
1493 86
1584 86
1545 86
1542 86
1316 86
1314 86
1311 86
1310 86
1300 86
1299 86
1330 86
1367 86
1364 86
1359 86
1357 86
842 86
916 86
915 86
909 86
988 86
983 86
976 86
957 86
1065 86
1060 86
1059 86
1051 86
1036 86
1010 86
1529 86
1522 86
1519 86
1501 86
1497 86
1494 86
1590 86
1585 86
1553 86
1546 86
1543 86
1315 86
1368 86
1365 86
1360 86
843 86
917 86
912 86
910 86
989 86
984 86
981 86
977 86
960 86
958 86
1061 86
1054 86
1052 86
1037 86
1011 86
1534 86
1530 86
1523 86
1520 86
1507 86
1502 86
1498 86
1495 86
1591 86
1586 86
1561 86
1554 86
1547 86
1544 86
1370 86
1369 86
1366 86
913 86
911 86
985 86
982 86
979 86
978 86
961 86
959 86
1055 86
1053 86
1038 86
1029 86
1012 86
1535 86
1531 86
1528 86
1524 86
1515 86
1508 86
1505 86
1503 86
1500 86
1499 86
1596 86
1592 86
1588 86
1587 86
1565 86
1562 86
1555 86
1551 86
1548 86
986 86
980 86
962 86
1057 86
1056 86
1039 86
1030 86
1013 86
1536 86
1532 86
1525 86
1516 86
1512 86
1509 86
1506 86
1504 86
1597 86
1593 86
1589 86
1574 86
1566 86
1563 86
1556 86
1552 86
1549 86
1040 86
1031 86
1014 86
1540 86
1537 86
1533 86
1527 86
1526 86
1513 86
1510 86
1598 86
1594 86
1577 86
1575 86
1570 86
1567 86
1564 86
1557 86
1550 86
1042 86
1041 86
1032 86
1017 86
1015 86
1538 86
1514 86
1511 86
1595 86
1582 86
1578 86
1576 86
1571 86
1568 86
1560 86
1558 86
1044 86
1043 86
1033 86
1019 86
1018 86
1016 86
1539 86
1579 86
1573 86
1572 86
1569 86
1559 86
1045 86
1021 86
1020 86
1581 86
1580 86
1046 86
1022 86
1027 86
1023 86
1028 86
1025 86
1024 86
1026 86
70 20
402 20
150 20
725 20
760 20
1394 20
888 20
1455 20
965 20
893 20
1363 20
1585 20
114 83
36 83
56 83
71 28
307 28
539 28
660 28
197 28
791 28
292 28
1405 28
1241 28
1230 28
856 28
515 28
1447 28
1243 28
1323 28
1294 28
1005 28
914 28
1522 28
1497 28
115 49
1283 49
72 35
73 35
74 35
76 35
75 35
132 35
125 35
78 35
77 35
79 35
121 35
356 35
357 35
306 35
234 35
369 35
340 35
417 35
312 35
418 35
407 35
1136 35
450 35
419 35
1098 35
323 35
452 35
451 35
420 35
719 35
317 35
315 35
176 35
457 35
546 35
244 35
189 35
641 35
553 35
264 35
463 35
1398 35
681 35
616 35
554 35
782 35
1203 35
784 35
783 35
814 35
1396 35
1205 35
1204 35
1185 35
1183 35
597 35
852 35
1382 35
684 35
593 35
858 35
857 35
887 35
519 35
1380 35
1414 35
1407 35
1448 35
1238 35
621 35
578 35
865 35
1413 35
1412 35
1236 35
579 35
862 35
945 35
992 35
518 35
1245 35
1234 35
769 35
870 35
867 35
1319 35
872 35
871 35
869 35
868 35
864 35
1459 35
1252 35
1290 35
898 35
1308 35
1305 35
926 35
1298 35
917 35
1037 35
1498 35
959 35
1055 35
1053 35
1503 35
1500 35
1499 35
1057 35
1056 35
1506 35
1597 35
1014 35
1598 35
1594 35
1564 35
1557 35
1595 35
1569 35
129 16
371 16
437 16
1109 16
668 16
949 16
1270 16
1271 16
1292 16
1034 16
1493 16
1542 16
1507 16
1565 16
1562 16
116 18
640 18
205 18
778 18
1385 18
1404 18
1445 18
1451 18
892 18
5 84
8 84
100 39
93 39
110 39
143 39
124 39
365 39
113 39
140 39
368 39
364 39
391 39
91 39
387 39
432 39
386 39
1076 39
409 39
1079 39
1077 39
1100 39
350 39
329 39
408 39
1137 39
155 39
346 39
398 39
1138 39
171 39
156 39
324 39
1131 39
157 39
443 39
1115 39
721 39
739 39
178 39
177 39
159 39
158 39
547 39
740 39
200 39
184 39
491 39
1119 39
752 39
492 39
1127 39
730 39
780 39
777 39
676 39
731 39
809 39
209 39
1400 39
1209 39
560 39
556 39
257 39
1174 39
1173 39
1211 39
1210 39
1199 39
1432 39
1196 39
1222 39
514 39
1415 39
1239 39
1225 39
686 39
595 39
772 39
822 39
506 39
1470 39
1247 39
1237 39
928 39
993 39
522 39
1469 39
1235 39
1280 39
690 39
632 39
631 39
586 39
584 39
834 39
509 39
1476 39
1257 39
613 39
837 39
1477 39
1278 39
639 39
636 39
832 39
828 39
1295 39
712 39
711 39
706 39
638 39
637 39
830 39
829 39
970 39
1276 39
1275 39
847 39
1300 39
1299 39
909 39
961 39
1532 39
1525 39
1589 39
1552 39
1031 39
1527 39
1526 39
1033 39
1559 39
133 23
304 23
303 23
149 23
309 23
1070 23
1071 23
438 23
657 23
538 23
659 23
461 23
679 23
1145 23
874 23
1376 23
673 23
1191 23
1446 23
1452 23
927 23
951 23
1267 23
1265 23
952 23
1335 23
1326 23
1355 23
975 23
976 23
1010 23
1590 23
1538 23
130 27
117 27
144 27
145 27
428 27
429 27
319 27
449 27
656 27
221 27
455 27
441 27
440 27
552 27
1161 27
1162 27
1202 27
675 27
1428 27
855 27
859 27
511 27
940 27
1456 27
1318 27
1454 27
1322 27
1268 27
1349 27
894 27
1296 27
906 27
1048 27
1344 27
1050 27
983 27
977 27
1591 27
1508 27
1592 27
1566 27
1567 27
108 40
342 40
231 40
240 40
229 40
227 40
1085 40
1083 40
1125 40
160 40
1121 40
549 40
185 40
167 40
279 40
483 40
482 40
881 40
879 40
214 40
647 40
620 40
1425 40
850 40
521 40
689 40
608 40
825 40
1256 40
930 40
929 40
503 40
1281 40
691 40
1258 40
693 40
634 40
1342 40
839 40
1066 40
841 40
1311 40
1310 40
912 40
910 40
1045 40
101 43
103 43
102 43
112 43
128 43
83 43
82 43
361 43
360 43
395 43
393 43
363 43
362 43
88 43
410 43
353 43
328 43
230 43
228 43
164 43
326 43
166 43
165 43
247 43
246 43
480 43
1123 43
1122 43
754 43
753 43
248 43
202 43
186 43
1159 43
1158 43
652 43
1401 43
1160 43
654 43
653 43
283 43
280 43
262 43
261 43
471 43
564 43
882 43
880 43
269 43
485 43
473 43
472 43
1391 43
1388 43
1176 43
1175 43
699 43
648 43
605 43
562 43
796 43
883 43
700 43
615 43
805 43
804 43
475 43
601 43
569 43
823 43
826 43
802 43
997 43
996 43
525 43
524 43
692 43
628 43
934 43
933 43
1313 43
1339 43
1333 43
708 43
707 43
695 43
1316 43
1314 43
843 43
1369 43
1576 43
1016 43
1046 43
1028 43
1026 43
92 37
109 37
135 37
142 37
123 37
403 37
383 37
378 37
139 37
358 37
384 37
380 37
379 37
376 37
375 37
339 37
385 37
382 37
381 37
412 37
344 37
345 37
425 37
424 37
1130 37
226 37
444 37
442 37
422 37
1082 37
1141 37
720 37
224 37
1124 37
1118 37
548 37
745 37
198 37
191 37
190 37
1126 37
746 37
737 37
193 37
192 37
1374 37
651 37
277 37
195 37
194 37
169 37
168 37
1399 37
1208 37
644 37
555 37
815 37
878 37
876 37
278 37
271 37
256 37
470 37
1164 37
696 37
646 37
645 37
293 37
498 37
1431 37
1430 37
786 37
766 37
764 37
943 37
467 37
1424 37
1419 37
1418 37
1461 37
1188 37
1187 37
685 37
1433 37
1220 37
1219 37
507 37
501 37
1435 37
1434 37
1468 37
714 37
583 37
773 37
1246 37
775 37
774 37
1320 37
1443 37
1441 37
710 37
705 37
1063 37
1490 37
1309 37
1306 37
922 37
1489 37
1488 37
988 37
1519 37
982 37
980 37
962 37
1513 37
1510 37
1015 37
1514 37
1511 37
1582 37
1571 37
1560 37
1558 37
1044 37
1043 37
1579 37
1572 37
134 31
377 31
374 31
107 31
405 31
1075 31
532 31
236 31
320 31
717 31
321 31
454 31
180 31
322 31
242 31
203 31
182 31
540 31
661 31
750 31
263 31
253 31
206 31
812 31
1165 31
1148 31
817 31
1149 31
762 31
792 31
497 31
1422 31
1409 31
592 31
819 31
290 31
466 31
1410 31
1406 31
1195 31
1411 31
1232 31
1436 31
1233 31
991 31
1250 31
1286 31
924 31
972 31
925 31
919 31
899 31
895 31
900 31
1058 31
1035 31
1518 31
916 31
915 31
989 31
984 31
1535 31
1574 31
1563 31
1040 31
1539 31
131 33
305 33
1095 33
235 33
406 33
1096 33
218 33
152 33
219 33
718 33
238 33
174 33
1087 33
1113 33
1154 33
216 33
479 33
1155 33
642 33
276 33
254 33
212 33
208 33
464 33
1163 33
674 33
1429 33
763 33
1259 33
1231 33
860 33
820 33
513 33
512 33
1244 33
622 33
702 33
1439 33
1458 33
771 33
770 33
1301 33
1332 33
1487 33
1064 33
1330 33
1357 33
957 33
1036 33
1365 33
1523 33
1515 33
1505 33
1593 33
1578 33
118 29
119 29
338 29
434 29
311 29
1112 29
181 29
459 29
456 29
460 29
669 29
726 29
665 29
275 29
462 29
287 29
207 29
761 29
1180 29
1378 29
516 29
1248 29
1350 29
973 29
1362 29
1049 29
1329 29
1544 29
1596 29
1549 29
301 57
722 57
788 57
370 80
34 80
35 80
37 80
354 12
663 12
1293 12
1007 12
302 54
1094 54
44 54
1348 54
66 54
1561 54
400 19
232 19
1128 19
543 19
204 19
670 19
215 19
1377 19
1240 19
1460 19
902 19
1272 19
1502 19
104 41
126 41
81 41
90 41
415 41
141 41
367 41
359 41
392 41
388 41
390 41
389 41
1078 41
351 41
1134 41
347 41
327 41
1088 41
1139 41
163 41
349 41
348 41
325 41
1090 41
1089 41
1132 41
241 41
447 41
1092 41
1091 41
1086 41
1084 41
743 41
245 41
742 41
741 41
751 41
201 41
1120 41
494 41
493 41
481 41
1171 41
1166 41
1152 41
617 41
573 41
282 41
267 41
266 41
260 41
1168 41
1212 41
678 41
677 41
619 41
618 41
575 41
574 41
273 41
211 41
210 41
484 41
1390 41
1170 41
1169 41
1207 41
1206 41
598 41
576 41
561 41
558 41
557 41
853 41
797 41
795 41
258 41
1383 41
1427 41
1201 41
1200 41
1260 41
599 41
767 41
765 41
520 41
474 41
1384 41
688 41
768 41
297 41
296 41
630 41
851 41
995 41
715 41
626 41
624 41
571 41
570 41
994 41
523 41
587 41
585 41
844 41
831 41
827 41
931 41
504 41
614 41
838 41
932 41
694 41
612 41
713 41
840 41
1359 41
842 41
1368 41
1061 41
1520 41
913 41
911 41
1030 41
1516 41
1533 41
1018 41
1573 41
1581 41
1580 41
1022 41
1023 41
94 42
111 42
127 42
89 42
366 42
1103 42
399 42
397 42
352 42
445 42
1093 42
187 42
162 42
161 42
735 42
1167 42
732 42
268 42
698 42
697 42
1224 42
803 42
469 42
468 42
1416 42
1223 42
600 42
849 42
299 42
596 42
1227 42
1480 42
627 42
835 42
1479 42
1478 42
846 42
1068 42
1067 42
1360 42
1027 42
1025 42
1024 42
146 25
372 25
373 25
310 25
529 25
453 25
1110 25
738 25
196 25
252 25
588 25
811 25
1397 25
790 25
289 25
1194 25
1242 25
950 25
1453 25
1465 25
1279 25
1473 25
897 25
1277 25
968 25
953 25
1336 25
1328 25
974 25
1494 25
1011 25
1534 25
1586 25
1548 25
136 36
137 36
414 36
343 36
427 36
172 36
341 36
426 36
179 36
173 36
154 36
153 36
423 36
1133 36
314 36
421 36
239 36
1114 36
183 36
1151 36
813 36
270 36
259 36
559 36
1150 36
785 36
794 36
793 36
1387 36
1426 36
1186 36
294 36
848 36
944 36
1462 36
629 36
582 36
866 36
824 36
1226 36
581 36
580 36
946 36
609 36
709 36
704 36
610 36
1287 36
1274 36
1006 36
1302 36
1346 36
1345 36
1065 36
960 36
1524 36
122 32
120 32
233 32
411 32
237 32
1080 32
225 32
1111 32
223 32
222 32
175 32
1116 32
727 32
490 32
667 32
728 32
1375 32
1373 32
590 32
808 32
496 32
1184 32
1182 32
591 32
818 32
1198 32
1379 32
1218 32
1217 32
941 32
517 32
1251 32
1289 32
1253 32
1307 32
1304 32
969 32
1062 32
1347 32
1338 32
1331 32
1358 32
1038 32
1588 32
1587 32
986 32
1512 32
1509 32
1556 32
1570 32
355 38
105 38
80 38
416 38
1140 38
318 38
744 38
458 38
495 38
1157 38
1156 38
572 38
281 38
265 38
213 38
170 38
1172 38
272 38
577 38
1197 38
687 38
594 38
298 38
295 38
1381 38
701 38
625 38
623 38
833 38
508 38
502 38
1229 38
836 38
635 38
633 38
1254 38
1291 38
1353 38
611 38
1312 38
1060 38
1059 38
1366 38
1528 38
1575 38
1032 38
1017 38
1019 38
1021 38
1020 38
401 17
147 17
413 17
439 17
545 17
758 17
885 17
889 17
966 17
999 17
1303 17
905 17
97 46
95 46
98 46
99 46
1102 46
1101 46
446 46
476 46
31 81
22 81
526 63
40 63
41 63
42 63
58 63
938 63
27 63
29 63
10 78
33 78
49 78
106 34
404 34
431 34
430 34
1099 34
1074 34
1073 34
1097 34
313 34
1129 34
316 34
1117 34
541 34
680 34
666 34
729 34
643 34
255 34
682 34
1389 34
683 34
1423 34
1417 34
291 34
499 34
861 34
821 34
505 34
500 34
1255 34
1228 34
863 34
703 34
1002 34
1442 34
1440 34
1474 34
1351 34
896 34
1484 34
1297 34
921 34
920 34
908 34
958 34
1054 34
1052 34
979 34
978 34
1029 34
1531 34
1013 34
1504 34
1577 34
1550 34
1042 34
1041 34
96 47
331 47
330 47
333 47
332 47
335 47
334 47
337 47
336 47
650 47
799 47
148 15
1393 15
1189 15
1178 15
672 15
948 15
964 15
1467 15
1047 15
1004 15
1584 15
308 22
664 22
789 22
1009 22
1069 56
1177 56
1444 56
527 21
433 21
528 21
537 21
658 21
1144 21
1190 21
1408 21
1215 21
939 21
1472 21
903 21
923 21
967 21
1482 21
918 21
1341 21
1364 21
1529 21
1543 21
1547 21
11 74
52 74
530 24
217 24
151 24
749 24
1372 24
776 24
1181 24
1179 24
288 24
1193 24
886 24
1216 24
1321 24
1288 24
1284 24
971 24
1000 24
1483 24
1327 24
1356 24
1521 24
1530 24
533 59
1135 59
26 59
12 71
50 71
84 45
86 45
85 45
396 45
394 45
188 45
487 45
756 45
755 45
250 45
489 45
488 45
736 45
734 45
733 45
649 45
565 45
286 45
606 45
567 45
566 45
563 45
607 45
568 45
807 45
806 45
801 45
800 45
478 45
477 45
604 45
603 45
845 45
935 45
937 45
936 45
1315 45
435 52
448 52
531 30
220 30
1081 30
243 30
199 30
589 30
781 30
779 30
1146 30
854 30
877 30
875 30
1395 30
465 30
1386 30
1221 30
1249 30
1438 30
1437 30
1457 30
1466 30
1475 30
1285 30
1273 30
1486 30
1337 30
907 30
987 30
956 30
1051 30
981 30
1495 30
985 30
1012 30
1551 30
1039 30
1568 30
534 5
536 5
1317 5
1003 5
1537 5
13 64
14 64
1261 64
436 53
550 53
1143 53
1072 26
251 26
274 26
1147 26
816 26
1421 26
510 26
1192 26
942 26
1367 26
1555 26
1108 13
1485 13
1501 13
1540 13
655 9
1269 9
954 9
535 61
15 61
43 61
884 61
716 8
1001 8
1554 8
87 44
486 44
249 44
285 44
284 44
798 44
602 44
1370 44
542 6
757 6
748 6
1153 6
1325 6
1352 6
1361 6
1106 48
1104 48
1105 48
723 7
544 7
1450 7
1262 7
901 7
890 7
1546 7
16 73
21 73
53 50
1334 50
1354 50
38 76
1142 76
18 76
662 14
671 14
1214 14
990 14
891 14
1343 14
963 14
1496 14
724 11
759 11
904 11
1340 11
1008 11
747 75
67 75
17 82
68 82
54 67
1282 67
39 70
63 70
48 70
28 70
1371 62
1541 62
551 10
1464 10
1266 10
1264 10
955 10
1536 10
810 55
1403 55
25 55
19 66
45 66
61 66
47 66
1392 65
20 65
24 65
873 51
1420 51
1263 51
998 51
1517 51
1545 51
57 79
23 79
64 79
1213 58
1492 58
1553 58
59 72
1324 72
1449 69
60 69
1463 68
1481 68
1471 60
1583 60
