0 3
1 3
2 3
3 3
4 3
5 3
6 3
7 3
8 3
0 4
1 4
53 4
2 4
98 4
3 4
99 4
4 4
5 4
284 4
6 4
285 4
354 4
7 4
286 4
8 4
27 4
9 4
28 4
510 4
10 4
854 4
29 4
11 4
879 4
30 4
517 4
12 4
419 4
892 4
31 4
13 4
432 4
420 4
920 4
32 4
519 4
14 4
33 4
706 4
15 4
41 4
34 4
16 4
42 4
35 4
731 4
17 4
43 4
927 4
36 4
534 4
767 4
18 4
971 4
44 4
928 4
37 4
790 4
768 4
19 4
991 4
45 4
955 4
38 4
821 4
20 4
1001 4
46 4
39 4
21 4
1019 4
1002 4
1030 4
47 4
968 4
40 4
831 4
22 4
48 4
838 4
23 4
1035 4
49 4
846 4
24 4
50 4
25 4
1045 4
51 4
26 4
1051 4
52 4
0 2
1 2
53 2
2 2
54 2
98 2
3 2
55 2
99 2
4 2
56 2
113 2
100 2
5 2
84 2
57 2
117 2
114 2
101 2
284 2
6 2
92 2
85 2
76 2
58 2
128 2
118 2
115 2
102 2
285 2
354 2
7 2
93 2
87 2
86 2
77 2
60 2
59 2
129 2
119 2
116 2
109 2
103 2
338 2
286 2
384 2
355 2
8 2
94 2
88 2
78 2
62 2
61 2
130 2
120 2
110 2
106 2
104 2
339 2
288 2
287 2
385 2
356 2
27 2
9 2
95 2
89 2
81 2
79 2
64 2
63 2
131 2
126 2
121 2
111 2
107 2
105 2
340 2
291 2
289 2
397 2
386 2
361 2
357 2
28 2
510 2
10 2
96 2
90 2
82 2
80 2
73 2
65 2
216 2
132 2
127 2
122 2
112 2
108 2
349 2
341 2
292 2
290 2
412 2
398 2
387 2
367 2
362 2
358 2
854 2
29 2
511 2
11 2
97 2
91 2
83 2
74 2
67 2
66 2
217 2
133 2
124 2
123 2
352 2
350 2
348 2
342 2
322 2
293 2
417 2
413 2
399 2
388 2
375 2
368 2
364 2
363 2
360 2
359 2
855 2
879 2
30 2
514 2
512 2
517 2
12 2
75 2
68 2
218 2
134 2
125 2
353 2
351 2
343 2
323 2
294 2
419 2
418 2
415 2
414 2
400 2
395 2
389 2
376 2
371 2
369 2
366 2
365 2
860 2
856 2
880 2
892 2
31 2
516 2
515 2
513 2
518 2
13 2
70 2
69 2
219 2
201 2
135 2
345 2
344 2
327 2
324 2
303 2
295 2
432 2
420 2
416 2
411 2
401 2
396 2
390 2
379 2
377 2
372 2
370 2
861 2
857 2
884 2
881 2
893 2
920 2
32 2
639 2
519 2
700 2
14 2
71 2
220 2
202 2
156 2
136 2
347 2
346 2
328 2
325 2
304 2
296 2
437 2
433 2
421 2
410 2
402 2
393 2
391 2
380 2
378 2
374 2
373 2
864 2
862 2
859 2
858 2
888 2
885 2
882 2
913 2
894 2
921 2
33 2
640 2
526 2
520 2
701 2
706 2
15 2
72 2
221 2
204 2
203 2
163 2
157 2
138 2
137 2
334 2
329 2
326 2
313 2
305 2
297 2
438 2
434 2
423 2
422 2
407 2
403 2
394 2
392 2
383 2
381 2
865 2
863 2
891 2
889 2
887 2
886 2
883 2
918 2
914 2
897 2
895 2
922 2
41 2
34 2
641 2
527 2
521 2
702 2
707 2
16 2
222 2
209 2
205 2
164 2
158 2
139 2
336 2
335 2
330 2
315 2
314 2
307 2
306 2
300 2
298 2
439 2
436 2
435 2
425 2
424 2
409 2
408 2
405 2
404 2
382 2
872 2
866 2
890 2
919 2
915 2
898 2
896 2
925 2
923 2
42 2
35 2
646 2
642 2
528 2
522 2
703 2
708 2
731 2
17 2
226 2
223 2
215 2
210 2
207 2
206 2
187 2
165 2
159 2
155 2
140 2
337 2
331 2
317 2
316 2
311 2
308 2
301 2
299 2
443 2
440 2
428 2
426 2
406 2
873 2
867 2
916 2
901 2
899 2
926 2
924 2
43 2
927 2
36 2
652 2
647 2
643 2
534 2
529 2
523 2
704 2
722 2
709 2
741 2
732 2
767 2
18 2
235 2
227 2
224 2
213 2
211 2
208 2
188 2
180 2
166 2
160 2
147 2
141 2
333 2
332 2
319 2
318 2
312 2
309 2
302 2
444 2
441 2
429 2
427 2
875 2
874 2
870 2
868 2
917 2
909 2
902 2
900 2
971 2
44 2
936 2
928 2
37 2
654 2
653 2
648 2
644 2
624 2
535 2
530 2
524 2
705 2
728 2
723 2
711 2
710 2
742 2
733 2
790 2
768 2
19 2
258 2
236 2
228 2
225 2
214 2
212 2
199 2
189 2
183 2
181 2
173 2
167 2
162 2
161 2
148 2
143 2
142 2
321 2
320 2
310 2
474 2
445 2
442 2
431 2
430 2
877 2
876 2
871 2
869 2
910 2
903 2
972 2
991 2
45 2
937 2
929 2
955 2
38 2
663 2
655 2
651 2
649 2
645 2
625 2
572 2
536 2
532 2
531 2
525 2
729 2
727 2
724 2
712 2
758 2
743 2
734 2
791 2
769 2
821 2
20 2
259 2
247 2
237 2
229 2
200 2
190 2
184 2
182 2
175 2
174 2
168 2
150 2
149 2
144 2
475 2
463 2
446 2
878 2
911 2
906 2
904 2
975 2
973 2
996 2
992 2
1001 2
46 2
943 2
938 2
932 2
930 2
962 2
956 2
39 2
664 2
656 2
650 2
626 2
573 2
537 2
533 2
730 2
726 2
725 2
721 2
713 2
761 2
759 2
756 2
744 2
736 2
735 2
796 2
792 2
770 2
822 2
21 2
271 2
260 2
248 2
238 2
231 2
230 2
191 2
185 2
177 2
176 2
171 2
169 2
151 2
146 2
145 2
479 2
476 2
470 2
464 2
447 2
912 2
908 2
907 2
905 2
976 2
974 2
997 2
993 2
1019 2
1002 2
1030 2
47 2
947 2
944 2
940 2
939 2
934 2
933 2
931 2
966 2
963 2
959 2
957 2
968 2
40 2
665 2
659 2
657 2
635 2
627 2
600 2
574 2
556 2
538 2
714 2
762 2
760 2
757 2
745 2
738 2
737 2
813 2
797 2
793 2
788 2
771 2
825 2
823 2
831 2
22 2
272 2
265 2
261 2
254 2
249 2
243 2
239 2
233 2
232 2
196 2
192 2
186 2
179 2
178 2
172 2
170 2
153 2
152 2
480 2
478 2
477 2
471 2
465 2
448 2
984 2
977 2
998 2
994 2
1025 2
1020 2
1007 2
1003 2
1031 2
48 2
951 2
948 2
945 2
942 2
941 2
935 2
967 2
965 2
964 2
961 2
960 2
958 2
970 2
969 2
666 2
660 2
658 2
636 2
628 2
601 2
575 2
557 2
543 2
539 2
719 2
715 2
764 2
763 2
746 2
740 2
739 2
814 2
798 2
795 2
794 2
789 2
772 2
826 2
824 2
832 2
838 2
23 2
276 2
273 2
266 2
263 2
262 2
255 2
251 2
250 2
244 2
240 2
234 2
197 2
193 2
154 2
494 2
481 2
473 2
472 2
467 2
466 2
454 2
449 2
988 2
985 2
978 2
1000 2
999 2
995 2
1026 2
1021 2
1008 2
1004 2
1032 2
1035 2
49 2
952 2
950 2
949 2
946 2
680 2
667 2
662 2
661 2
638 2
637 2
630 2
629 2
603 2
602 2
581 2
576 2
559 2
558 2
544 2
540 2
720 2
716 2
765 2
747 2
818 2
815 2
811 2
799 2
774 2
773 2
829 2
827 2
834 2
833 2
842 2
839 2
846 2
24 2
277 2
274 2
267 2
264 2
257 2
256 2
252 2
246 2
245 2
241 2
198 2
195 2
194 2
499 2
495 2
482 2
468 2
455 2
450 2
989 2
986 2
982 2
979 2
1028 2
1027 2
1024 2
1022 2
1016 2
1009 2
1005 2
1033 2
1043 2
1036 2
50 2
954 2
953 2
682 2
681 2
668 2
631 2
604 2
582 2
577 2
561 2
560 2
548 2
545 2
542 2
541 2
718 2
717 2
766 2
750 2
748 2
819 2
817 2
816 2
812 2
800 2
777 2
775 2
830 2
828 2
835 2
843 2
840 2
847 2
25 2
278 2
275 2
269 2
268 2
253 2
242 2
503 2
500 2
497 2
496 2
483 2
469 2
457 2
456 2
451 2
990 2
987 2
983 2
980 2
1029 2
1023 2
1018 2
1017 2
1013 2
1010 2
1006 2
1034 2
1044 2
1040 2
1037 2
1045 2
51 2
683 2
671 2
669 2
633 2
632 2
605 2
589 2
583 2
578 2
562 2
549 2
546 2
751 2
749 2
820 2
807 2
801 2
783 2
778 2
776 2
837 2
836 2
844 2
841 2
850 2
848 2
852 2
26 2
282 2
279 2
270 2
504 2
501 2
498 2
489 2
484 2
458 2
453 2
452 2
981 2
1015 2
1014 2
1012 2
1011 2
1041 2
1038 2
1048 2
1046 2
1051 2
52 2
685 2
684 2
672 2
670 2
634 2
613 2
606 2
599 2
590 2
584 2
579 2
566 2
563 2
551 2
550 2
547 2
754 2
752 2
809 2
808 2
803 2
802 2
785 2
784 2
779 2
845 2
851 2
849 2
853 2
283 2
281 2
280 2
505 2
502 2
491 2
490 2
485 2
459 2
1042 2
1039 2
1050 2
1049 2
1047 2
1052 2
698 2
686 2
673 2
614 2
609 2
607 2
592 2
591 2
585 2
580 2
567 2
565 2
564 2
553 2
552 2
755 2
753 2
810 2
805 2
804 2
787 2
786 2
781 2
780 2
506 2
492 2
486 2
460 2
699 2
687 2
674 2
616 2
615 2
610 2
608 2
593 2
586 2
570 2
568 2
555 2
554 2
806 2
782 2
507 2
493 2
487 2
462 2
461 2
693 2
688 2
675 2
619 2
617 2
611 2
597 2
594 2
588 2
587 2
571 2
569 2
509 2
508 2
488 2
694 2
689 2
677 2
676 2
623 2
620 2
618 2
612 2
598 2
595 2
696 2
695 2
690 2
678 2
622 2
621 2
596 2
697 2
692 2
691 2
679 2
0 85
1 85
2 85
3 85
4 85
5 85
6 85
7 85
8 85
0 87
1 87
53 87
2 87
98 87
3 87
99 87
4 87
5 87
284 87
6 87
285 87
354 87
7 87
286 87
8 87
27 87
9 87
28 87
510 87
10 87
854 87
29 87
11 87
879 87
30 87
517 87
12 87
419 87
892 87
31 87
13 87
432 87
420 87
920 87
32 87
519 87
14 87
33 87
706 87
15 87
41 87
34 87
16 87
42 87
35 87
731 87
17 87
43 87
927 87
36 87
534 87
767 87
18 87
971 87
44 87
928 87
37 87
790 87
768 87
19 87
991 87
45 87
955 87
38 87
821 87
20 87
1001 87
46 87
39 87
21 87
1019 87
1002 87
1030 87
47 87
968 87
40 87
831 87
22 87
48 87
838 87
23 87
1035 87
49 87
846 87
24 87
50 87
25 87
1045 87
51 87
26 87
1051 87
52 87
53 77
29 77
1001 77
53 86
54 86
98 86
55 86
99 86
56 86
113 86
100 86
84 86
57 86
117 86
114 86
101 86
284 86
92 86
85 86
76 86
58 86
128 86
118 86
115 86
102 86
285 86
354 86
93 86
87 86
86 86
77 86
60 86
59 86
129 86
119 86
116 86
109 86
103 86
338 86
286 86
384 86
355 86
94 86
88 86
78 86
62 86
61 86
130 86
120 86
110 86
106 86
104 86
339 86
288 86
287 86
385 86
356 86
27 86
9 86
95 86
89 86
81 86
79 86
64 86
63 86
131 86
126 86
121 86
111 86
107 86
105 86
340 86
291 86
289 86
397 86
386 86
361 86
357 86
28 86
510 86
10 86
96 86
90 86
82 86
80 86
73 86
65 86
216 86
132 86
127 86
122 86
112 86
108 86
349 86
341 86
292 86
290 86
412 86
398 86
387 86
367 86
362 86
358 86
854 86
29 86
511 86
11 86
97 86
91 86
83 86
74 86
67 86
66 86
217 86
133 86
124 86
123 86
352 86
350 86
348 86
342 86
322 86
293 86
417 86
413 86
399 86
388 86
375 86
368 86
364 86
363 86
360 86
359 86
855 86
879 86
30 86
514 86
512 86
517 86
12 86
75 86
68 86
218 86
134 86
125 86
353 86
351 86
343 86
323 86
294 86
419 86
418 86
415 86
414 86
400 86
395 86
389 86
376 86
371 86
369 86
366 86
365 86
860 86
856 86
880 86
892 86
31 86
516 86
515 86
513 86
518 86
13 86
70 86
69 86
219 86
201 86
135 86
345 86
344 86
327 86
324 86
303 86
295 86
432 86
420 86
416 86
411 86
401 86
396 86
390 86
379 86
377 86
372 86
370 86
861 86
857 86
884 86
881 86
893 86
920 86
32 86
639 86
519 86
700 86
14 86
71 86
220 86
202 86
156 86
136 86
347 86
346 86
328 86
325 86
304 86
296 86
437 86
433 86
421 86
410 86
402 86
393 86
391 86
380 86
378 86
374 86
373 86
864 86
862 86
859 86
858 86
888 86
885 86
882 86
913 86
894 86
921 86
33 86
640 86
526 86
520 86
701 86
706 86
15 86
72 86
221 86
204 86
203 86
163 86
157 86
138 86
137 86
334 86
329 86
326 86
313 86
305 86
297 86
438 86
434 86
423 86
422 86
407 86
403 86
394 86
392 86
383 86
381 86
865 86
863 86
891 86
889 86
887 86
886 86
883 86
918 86
914 86
897 86
895 86
922 86
41 86
34 86
641 86
527 86
521 86
702 86
707 86
16 86
222 86
209 86
205 86
164 86
158 86
139 86
336 86
335 86
330 86
315 86
314 86
307 86
306 86
300 86
298 86
439 86
436 86
435 86
425 86
424 86
409 86
408 86
405 86
404 86
382 86
872 86
866 86
890 86
919 86
915 86
898 86
896 86
925 86
923 86
42 86
35 86
646 86
642 86
528 86
522 86
703 86
708 86
731 86
17 86
226 86
223 86
215 86
210 86
207 86
206 86
187 86
165 86
159 86
155 86
140 86
337 86
331 86
317 86
316 86
311 86
308 86
301 86
299 86
443 86
440 86
428 86
426 86
406 86
873 86
867 86
916 86
901 86
899 86
926 86
924 86
43 86
927 86
36 86
652 86
647 86
643 86
534 86
529 86
523 86
704 86
722 86
709 86
741 86
732 86
767 86
18 86
235 86
227 86
224 86
213 86
211 86
208 86
188 86
180 86
166 86
160 86
147 86
141 86
333 86
332 86
319 86
318 86
312 86
309 86
302 86
444 86
441 86
429 86
427 86
875 86
874 86
870 86
868 86
917 86
909 86
902 86
900 86
971 86
44 86
936 86
928 86
37 86
654 86
653 86
648 86
644 86
624 86
535 86
530 86
524 86
705 86
728 86
723 86
711 86
710 86
742 86
733 86
790 86
768 86
19 86
258 86
236 86
228 86
225 86
214 86
212 86
199 86
189 86
183 86
181 86
173 86
167 86
162 86
161 86
148 86
143 86
142 86
321 86
320 86
310 86
474 86
445 86
442 86
431 86
430 86
877 86
876 86
871 86
869 86
910 86
903 86
972 86
991 86
45 86
937 86
929 86
955 86
38 86
663 86
655 86
651 86
649 86
645 86
625 86
572 86
536 86
532 86
531 86
525 86
729 86
727 86
724 86
712 86
758 86
743 86
734 86
791 86
769 86
821 86
20 86
259 86
247 86
237 86
229 86
200 86
190 86
184 86
182 86
175 86
174 86
168 86
150 86
149 86
144 86
475 86
463 86
446 86
878 86
911 86
906 86
904 86
975 86
973 86
996 86
992 86
1001 86
46 86
943 86
938 86
932 86
930 86
962 86
956 86
39 86
664 86
656 86
650 86
626 86
573 86
537 86
533 86
730 86
726 86
725 86
721 86
713 86
761 86
759 86
756 86
744 86
736 86
735 86
796 86
792 86
770 86
822 86
21 86
271 86
260 86
248 86
238 86
231 86
230 86
191 86
185 86
177 86
176 86
171 86
169 86
151 86
146 86
145 86
479 86
476 86
470 86
464 86
447 86
912 86
908 86
907 86
905 86
976 86
974 86
997 86
993 86
1019 86
1002 86
1030 86
47 86
947 86
944 86
940 86
939 86
934 86
933 86
931 86
966 86
963 86
959 86
957 86
968 86
40 86
665 86
659 86
657 86
635 86
627 86
600 86
574 86
556 86
538 86
714 86
762 86
760 86
757 86
745 86
738 86
737 86
813 86
797 86
793 86
788 86
771 86
825 86
823 86
831 86
22 86
272 86
265 86
261 86
254 86
249 86
243 86
239 86
233 86
232 86
196 86
192 86
186 86
179 86
178 86
172 86
170 86
153 86
152 86
480 86
478 86
477 86
471 86
465 86
448 86
984 86
977 86
998 86
994 86
1025 86
1020 86
1007 86
1003 86
1031 86
48 86
951 86
948 86
945 86
942 86
941 86
935 86
967 86
965 86
964 86
961 86
960 86
958 86
970 86
969 86
666 86
660 86
658 86
636 86
628 86
601 86
575 86
557 86
543 86
539 86
719 86
715 86
764 86
763 86
746 86
740 86
739 86
814 86
798 86
795 86
794 86
789 86
772 86
826 86
824 86
832 86
838 86
23 86
276 86
273 86
266 86
263 86
262 86
255 86
251 86
250 86
244 86
240 86
234 86
197 86
193 86
154 86
494 86
481 86
473 86
472 86
467 86
466 86
454 86
449 86
988 86
985 86
978 86
1000 86
999 86
995 86
1026 86
1021 86
1008 86
1004 86
1032 86
1035 86
49 86
952 86
950 86
949 86
946 86
680 86
667 86
662 86
661 86
638 86
637 86
630 86
629 86
603 86
602 86
581 86
576 86
559 86
558 86
544 86
540 86
720 86
716 86
765 86
747 86
818 86
815 86
811 86
799 86
774 86
773 86
829 86
827 86
834 86
833 86
842 86
839 86
846 86
24 86
277 86
274 86
267 86
264 86
257 86
256 86
252 86
246 86
245 86
241 86
198 86
195 86
194 86
499 86
495 86
482 86
468 86
455 86
450 86
989 86
986 86
982 86
979 86
1028 86
1027 86
1024 86
1022 86
1016 86
1009 86
1005 86
1033 86
1043 86
1036 86
50 86
954 86
953 86
682 86
681 86
668 86
631 86
604 86
582 86
577 86
561 86
560 86
548 86
545 86
542 86
541 86
718 86
717 86
766 86
750 86
748 86
819 86
817 86
816 86
812 86
800 86
777 86
775 86
830 86
828 86
835 86
843 86
840 86
847 86
25 86
278 86
275 86
269 86
268 86
253 86
242 86
503 86
500 86
497 86
496 86
483 86
469 86
457 86
456 86
451 86
990 86
987 86
983 86
980 86
1029 86
1023 86
1018 86
1017 86
1013 86
1010 86
1006 86
1034 86
1044 86
1040 86
1037 86
1045 86
51 86
683 86
671 86
669 86
633 86
632 86
605 86
589 86
583 86
578 86
562 86
549 86
546 86
751 86
749 86
820 86
807 86
801 86
783 86
778 86
776 86
837 86
836 86
844 86
841 86
850 86
848 86
852 86
26 86
282 86
279 86
270 86
504 86
501 86
498 86
489 86
484 86
458 86
453 86
452 86
981 86
1015 86
1014 86
1012 86
1011 86
1041 86
1038 86
1048 86
1046 86
1051 86
52 86
685 86
684 86
672 86
670 86
634 86
613 86
606 86
599 86
590 86
584 86
579 86
566 86
563 86
551 86
550 86
547 86
754 86
752 86
809 86
808 86
803 86
802 86
785 86
784 86
779 86
845 86
851 86
849 86
853 86
283 86
281 86
280 86
505 86
502 86
491 86
490 86
485 86
459 86
1042 86
1039 86
1050 86
1049 86
1047 86
1052 86
698 86
686 86
673 86
614 86
609 86
607 86
592 86
591 86
585 86
580 86
567 86
565 86
564 86
553 86
552 86
755 86
753 86
810 86
805 86
804 86
787 86
786 86
781 86
780 86
506 86
492 86
486 86
460 86
699 86
687 86
674 86
616 86
615 86
610 86
608 86
593 86
586 86
570 86
568 86
555 86
554 86
806 86
782 86
507 86
493 86
487 86
462 86
461 86
693 86
688 86
675 86
619 86
617 86
611 86
597 86
594 86
588 86
587 86
571 86
569 86
509 86
508 86
488 86
694 86
689 86
677 86
676 86
623 86
620 86
618 86
612 86
598 86
595 86
696 86
695 86
690 86
678 86
622 86
621 86
596 86
697 86
692 86
691 86
679 86
54 20
386 20
134 20
709 20
744 20
993 20
834 20
1040 20
851 20
98 83
33 83
45 83
55 28
291 28
523 28
644 28
181 28
771 28
276 28
1004 28
815 28
499 28
1033 28
99 49
56 35
57 35
58 35
60 35
59 35
116 35
109 35
62 35
61 35
63 35
105 35
340 35
341 35
290 35
218 35
353 35
324 35
401 35
296 35
402 35
391 35
921 35
434 35
403 35
883 35
307 35
436 35
435 35
404 35
703 35
301 35
299 35
160 35
441 35
530 35
228 35
173 35
625 35
537 35
248 35
447 35
997 35
665 35
600 35
538 35
762 35
764 35
763 35
794 35
995 35
581 35
811 35
982 35
668 35
577 35
817 35
816 35
503 35
980 35
1013 35
1006 35
1034 35
605 35
562 35
1012 35
1011 35
563 35
845 35
853 35
502 35
753 35
113 16
355 16
421 16
894 16
652 16
848 16
100 18
624 18
189 18
758 18
984 18
1003 18
1031 18
1037 18
5 84
8 84
84 39
77 39
94 39
127 39
108 39
349 39
97 39
124 39
352 39
348 39
375 39
75 39
371 39
416 39
370 39
861 39
393 39
864 39
862 39
885 39
334 39
313 39
392 39
922 39
139 39
330 39
382 39
923 39
155 39
140 39
308 39
916 39
141 39
427 39
900 39
705 39
723 39
162 39
161 39
143 39
142 39
531 39
724 39
184 39
168 39
475 39
904 39
736 39
476 39
912 39
714 39
760 39
757 39
660 39
715 39
789 39
193 39
999 39
544 39
540 39
241 39
954 39
953 39
1029 39
498 39
1014 39
670 39
579 39
754 39
802 39
490 39
1050 39
506 39
674 39
616 39
615 39
570 39
568 39
493 39
597 39
623 39
620 39
696 39
695 39
690 39
622 39
621 39
117 23
288 23
287 23
133 23
293 23
855 23
856 23
422 23
641 23
522 23
643 23
445 23
663 23
930 23
822 23
976 23
657 23
964 23
1032 23
1038 23
114 27
101 27
128 27
129 27
412 27
413 27
303 27
433 27
640 27
205 27
439 27
425 27
424 27
536 27
943 27
944 27
966 27
659 27
1025 27
814 27
818 27
495 27
840 27
1041 27
92 40
326 40
215 40
224 40
213 40
211 40
870 40
868 40
910 40
144 40
906 40
533 40
169 40
151 40
263 40
467 40
466 40
829 40
827 40
198 40
631 40
604 40
809 40
505 40
673 40
592 40
804 40
487 40
675 40
677 40
618 40
85 43
87 43
86 43
96 43
112 43
67 43
66 43
345 43
344 43
379 43
377 43
347 43
346 43
72 43
394 43
337 43
312 43
214 43
212 43
148 43
310 43
150 43
149 43
231 43
230 43
464 43
908 43
907 43
738 43
737 43
232 43
186 43
170 43
942 43
941 43
636 43
1000 43
638 43
637 43
267 43
264 43
246 43
245 43
455 43
548 43
830 43
828 43
253 43
469 43
457 43
456 43
990 43
987 43
683 43
632 43
589 43
546 43
776 43
684 43
599 43
785 43
784 43
459 43
585 43
553 43
782 43
509 43
508 43
676 43
612 43
692 43
691 43
679 43
76 37
93 37
119 37
126 37
107 37
387 37
367 37
362 37
123 37
342 37
368 37
364 37
363 37
360 37
359 37
323 37
369 37
366 37
365 37
396 37
328 37
329 37
409 37
408 37
915 37
210 37
428 37
426 37
406 37
867 37
926 37
704 37
208 37
909 37
903 37
532 37
729 37
182 37
175 37
174 37
911 37
730 37
721 37
177 37
176 37
974 37
635 37
261 37
179 37
178 37
153 37
152 37
998 37
967 37
628 37
539 37
795 37
826 37
824 37
262 37
255 37
240 37
454 37
946 37
680 37
630 37
629 37
277 37
482 37
1028 37
1027 37
766 37
750 37
748 37
843 37
451 37
1023 37
1018 37
1017 37
1044 37
669 37
491 37
485 37
1049 37
698 37
567 37
755 37
694 37
689 37
118 31
361 31
358 31
91 31
389 31
860 31
516 31
220 31
304 31
701 31
305 31
438 31
164 31
306 31
226 31
187 31
166 31
524 31
645 31
734 31
247 31
237 31
190 31
792 31
947 31
933 31
797 31
746 31
772 31
481 31
1021 31
1008 31
576 31
799 31
274 31
450 31
1009 31
1005 31
1010 31
115 33
289 33
880 33
219 33
390 33
881 33
202 33
136 33
203 33
702 33
222 33
158 33
872 33
898 33
937 33
200 33
463 33
938 33
626 33
260 33
238 33
196 33
192 33
448 33
945 33
658 33
1026 33
747 33
819 33
800 33
497 33
496 33
606 33
686 33
102 29
103 29
322 29
418 29
295 29
897 29
165 29
443 29
440 29
444 29
653 29
710 29
649 29
259 29
446 29
271 29
191 29
745 29
958 29
978 29
500 29
285 57
706 57
768 57
354 80
31 80
32 80
34 80
338 12
647 12
286 54
879 54
384 19
216 19
913 19
527 19
188 19
654 19
199 19
977 19
970 19
1043 19
88 41
110 41
65 41
74 41
399 41
125 41
351 41
343 41
376 41
372 41
374 41
373 41
863 41
335 41
919 41
331 41
311 41
873 41
924 41
147 41
333 41
332 41
309 41
875 41
874 41
917 41
225 41
431 41
877 41
876 41
871 41
869 41
727 41
229 41
726 41
725 41
735 41
185 41
905 41
478 41
477 41
465 41
951 41
948 41
935 41
601 41
557 41
266 41
251 41
250 41
244 41
950 41
662 41
661 41
603 41
602 41
559 41
558 41
257 41
195 41
194 41
468 41
989 41
582 41
560 41
545 41
542 41
541 41
812 41
777 41
775 41
242 41
983 41
583 41
751 41
749 41
504 41
458 41
672 41
752 41
281 41
280 41
614 41
810 41
699 41
610 41
608 41
555 41
554 41
507 41
571 41
569 41
488 41
598 41
678 41
596 41
697 41
78 42
95 42
111 42
73 42
350 42
888 42
383 42
381 42
336 42
429 42
878 42
171 42
146 42
145 42
719 42
949 42
716 42
252 42
682 42
681 42
783 42
453 42
452 42
1015 42
584 42
808 42
283 42
580 42
611 42
130 25
356 25
357 25
294 25
513 25
437 25
895 25
722 25
180 25
236 25
572 25
791 25
996 25
770 25
273 25
849 25
1039 25
1047 25
120 36
121 36
398 36
327 36
411 36
156 36
325 36
410 36
163 36
157 36
138 36
137 36
407 36
918 36
298 36
405 36
223 36
899 36
167 36
934 36
793 36
254 36
243 36
543 36
765 36
774 36
773 36
986 36
1024 36
278 36
807 36
844 36
613 36
566 36
803 36
565 36
564 36
593 36
693 36
688 36
594 36
106 32
104 32
217 32
395 32
221 32
865 32
209 32
896 32
207 32
206 32
159 32
901 32
711 32
474 32
651 32
712 32
975 32
973 32
574 32
788 32
480 32
961 32
960 32
575 32
798 32
979 32
841 32
501 32
339 38
89 38
64 38
400 38
925 38
302 38
728 38
442 38
479 38
940 38
939 38
556 38
265 38
249 38
197 38
154 38
952 38
256 38
561 38
671 38
578 38
282 38
279 38
981 38
685 38
609 38
607 38
805 38
492 38
486 38
806 38
619 38
617 38
595 38
385 17
131 17
397 17
423 17
529 17
742 17
832 17
835 17
81 46
79 46
82 46
83 46
887 46
886 46
430 46
460 46
28 81
22 81
510 63
37 63
38 63
39 63
47 63
838 63
10 78
30 78
90 34
388 34
415 34
414 34
884 34
859 34
858 34
882 34
297 34
914 34
300 34
902 34
525 34
664 34
650 34
713 34
627 34
239 34
666 34
988 34
667 34
1022 34
1016 34
275 34
483 34
820 34
801 34
489 34
484 34
687 34
80 47
315 47
314 47
317 47
316 47
319 47
318 47
321 47
320 47
634 47
779 47
132 15
992 15
962 15
956 15
656 15
847 15
850 15
1048 15
292 22
648 22
769 22
854 56
955 56
1030 56
511 21
417 21
512 21
521 21
642 21
929 21
963 21
1007 21
839 21
1052 21
11 74
41 74
514 24
201 24
135 24
733 24
972 24
756 24
959 24
957 24
272 24
965 24
833 24
517 59
920 59
26 59
12 71
68 45
70 45
69 45
380 45
378 45
172 45
471 45
740 45
739 45
234 45
473 45
472 45
720 45
718 45
717 45
633 45
549 45
270 45
590 45
551 45
550 45
547 45
591 45
552 45
787 45
786 45
781 45
780 45
462 45
461 45
588 45
587 45
419 52
432 52
515 30
204 30
866 30
227 30
183 30
573 30
761 30
759 30
931 30
813 30
825 30
823 30
994 30
449 30
985 30
1042 30
518 5
520 5
13 64
14 64
420 53
534 53
928 53
857 26
235 26
258 26
932 26
796 26
1020 26
494 26
842 26
893 13
639 9
519 61
15 61
40 61
831 61
700 8
71 44
470 44
233 44
269 44
268 44
778 44
586 44
526 6
741 6
732 6
936 6
891 48
889 48
890 48
707 7
528 7
1036 7
837 7
836 7
16 73
21 73
42 50
35 76
927 76
18 76
646 14
655 14
969 14
852 14
708 11
743 11
731 75
17 82
43 67
36 70
52 70
971 62
535 10
1046 10
790 55
1002 55
25 55
19 66
50 66
991 65
20 65
24 65
821 51
1019 51
46 79
23 79
968 58
48 72
1035 69
49 69
1045 68
1051 60
